test
    8,16,32,64,128,256
cr,0.1655,0.1627,0.1634,0.1594,0.1622,0.1592
se,0.1477,0.1462,0.1469,0.1459,0.1439,0.1396
co,0.1668,0.1694,0.1826,0.1904,0.2032,0.1995

train
cr,0.1600,0.1541,0.1455,0.1363,0.1304,0.1248
se,0.1346,0.1311,0.1283,0.1261,0.1256,0.1213
co,0.1658,0.1591,0.1501,0.1474,0.1364,0.1300

train2
cr  0.1887,0.1858,0.1697,0.1491,0.1273,0.1153
se  0.1408,0.1315,0.1256,0.1237,0.1163,0.1119
co  0.1884,0.1800,0.1654,0.1497,0.1280,0.1199

test2
cr  0.1988,0.2042,0.1984,0.1862,0.1830,0.1878
se  0.1682,0.1707,0.1750,0.1721,0.1671,0.1545
co  0.2041,0.2084,0.2084,0.2464,0.2625,0.2680
